time,open,high,low,close,volume
2023-11-06T16:00:00-05:00,37.59,37.6,37.43,37.43,74190.0
2023-11-07T16:00:00-05:00,37.205,37.295,37.12,37.275,20241.0
2023-11-08T16:00:00-05:00,37.135,37.135,36.87,36.915,106578.0
2023-11-09T16:00:00-05:00,36.935,37.195,36.935,37.045,62068.0
2023-11-10T16:00:00-05:00,36.85,36.855,36.61,36.65,70488.0
2023-11-13T16:00:00-05:00,36.61,36.875,36.59,36.85,37398.0
2023-11-14T16:00:00-05:00,37.16,37.285,37.14,37.175,74594.0
2023-11-15T16:00:00-05:00,37.19,37.19,37.035,37.085,38541.0
2023-11-16T16:00:00-05:00,37.325,37.595,37.325,37.505,82952.0
2023-11-17T16:00:00-05:00,37.56,37.58,37.455,37.495,83552.0
2023-11-20T16:00:00-05:00,37.235,37.45,37.235,37.435,27645.0
2023-11-21T16:00:00-05:00,37.89,37.985,37.785,37.835,58969.0
2023-11-22T16:00:00-05:00,37.91,37.91,37.635,37.68,21512.0
2023-11-24T16:00:00-05:00,37.905,37.925,37.825,37.885,12078.0
2023-11-27T16:00:00-05:00,38.08,38.14,37.985,38.14,26438.0
2023-11-28T16:00:00-05:00,38.39,38.66,38.3,38.65,30125.0
2023-11-29T16:00:00-05:00,38.63,38.78,38.615,38.7,37074.0
2023-11-30T16:00:00-05:00,38.5,38.625,38.46,38.53,49937.0
2023-12-01T16:00:00-05:00,38.575,39.265,38.575,39.195,117203.0
2023-12-04T16:00:00-05:00,38.735,38.86,38.24,38.355,195720.0
2023-12-05T16:00:00-05:00,38.29,38.36,38.07,38.22,117400.0
2023-12-06T16:00:00-05:00,38.47,38.47,38.29,38.35,37670.0
2023-12-07T16:00:00-05:00,38.48,38.49,38.28,38.415,56501.0
2023-12-08T16:00:00-05:00,37.96,38.11,37.79,37.915,62461.0
2023-12-11T16:00:00-05:00,37.66,37.66,37.4,37.49,90160.0
2023-12-12T16:00:00-05:00,37.53,37.55,37.435,37.465,57362.0
2023-12-13T16:00:00-05:00,37.465,38.315,37.465,38.315,91279.0
2023-12-14T16:00:00-05:00,38.575,38.76,38.435,38.535,51754.0
2023-12-15T16:00:00-05:00,38.5,38.535,38.15,38.19,67316.0
2023-12-18T16:00:00-05:00,38.285,38.48,38.24,38.36,45001.0
2023-12-19T16:00:00-05:00,38.61,38.725,38.575,38.615,27312.0
2023-12-20T16:00:00-05:00,38.53,38.58,38.415,38.415,30538.0
2023-12-21T16:00:00-05:00,38.66,38.71,38.555,38.675,42460.0
2023-12-22T16:00:00-05:00,39.1,39.17,38.83,38.85,26098.0
2023-12-26T16:00:00-05:00,38.995,39.145,38.9,39.145,38866.0
2023-12-27T16:00:00-05:00,39.21,39.43,39.16,39.33,34050.0
2023-12-28T16:00:00-05:00,39.325,39.325,39.105,39.105,9141.0
2023-12-29T16:00:00-05:00,39.06,39.125,39.02,39.03,79823.0
2024-01-02T16:00:00-05:00,39.095,39.16,38.92,38.94,63181.0
2024-01-03T16:00:00-05:00,38.54,38.73,38.44,38.625,149451.0
2024-01-04T16:00:00-05:00,38.61,38.73,38.54,38.66,31142.0
2024-01-05T16:00:00-05:00,38.72,39.055,38.625,38.675,59791.0
2024-01-08T16:00:00-05:00,38.26,38.5,38.26,38.37,71358.0
2024-01-09T16:00:00-05:00,38.53,38.53,38.36,38.385,28879.0
2024-01-10T16:00:00-05:00,38.39,38.41,38.24,38.29,53088.0
2024-01-11T16:00:00-05:00,38.44,38.44,38.11,38.375,76500.0
2024-01-12T16:00:00-05:00,38.97,38.995,38.665,38.74,24032.0
2024-01-16T16:00:00-05:00,38.64,38.64,38.31,38.38,110648.0
2024-01-17T16:00:00-05:00,38.26,38.26,37.895,37.955,55699.0
2024-01-18T16:00:00-05:00,38.075,38.27,38.075,38.27,66528.0
2024-01-19T16:00:00-05:00,38.42,38.435,38.295,38.38,60044.0
2024-01-22T16:00:00-05:00,38.24,38.345,38.165,38.23,44856.0
2024-01-23T16:00:00-05:00,38.32,38.41,38.275,38.38,57781.0
2024-01-24T16:00:00-05:00,38.39,38.39,38.065,38.065,83878.0
2024-01-25T16:00:00-05:00,38.27,38.28,38.09,38.21,28600.0
2024-01-26T16:00:00-05:00,38.225,38.23,38.145,38.19,41341.0
2024-01-29T16:00:00-05:00,38.39,38.495,38.27,38.46,23011.0
2024-01-30T16:00:00-05:00,38.71,38.77,38.44,38.52,34683.0
2024-01-31T16:00:00-05:00,38.79,38.895,38.425,38.47,72987.0
2024-02-01T16:00:00-05:00,38.75,39.01,38.62,38.885,48677.0
2024-02-02T16:00:00-05:00,38.415,38.565,38.38,38.52,29726.0
2024-02-05T16:00:00-05:00,38.31,38.345,38.165,38.31,31549.0
2024-02-06T16:00:00-05:00,38.37,38.55,38.37,38.51,21965.0
2024-02-07T16:00:00-05:00,38.47,38.68,38.47,38.495,76986.0
2024-02-08T16:00:00-05:00,38.44,38.49,38.365,38.455,123654.0
2024-02-09T16:00:00-05:00,38.295,38.345,38.225,38.315,120216.0
2024-02-12T16:00:00-05:00,38.115,38.24,38.065,38.22,125492.0
2024-02-13T16:00:00-05:00,37.845,37.845,37.665,37.7,89207.0
2024-02-14T16:00:00-05:00,37.675,37.765,37.55,37.67,23067.0
2024-02-15T16:00:00-05:00,37.9,37.94,37.835,37.915,22864.0
2024-02-16T16:00:00-05:00,37.775,38.12,37.775,38.07,85261.0
2024-02-20T16:00:00-05:00,38.38,38.385,38.285,38.295,37560.0
2024-02-21T16:00:00-05:00,38.375,38.395,38.235,38.295,49198.0
2024-02-22T16:00:00-05:00,38.29,38.31,38.22,38.3,117706.0
2024-02-23T16:00:00-05:00,38.31,38.62,38.3,38.525,83885.0
2024-02-26T16:00:00-05:00,38.345,38.47,38.31,38.445,17568.0
2024-02-27T16:00:00-05:00,38.48,38.53,38.385,38.4,21764.0
2024-02-28T16:00:00-05:00,38.455,38.485,38.415,38.475,47546.0
2024-02-29T16:00:00-05:00,38.71,38.785,38.66,38.66,95825.0
2024-03-01T16:00:00-05:00,38.76,39.49,38.71,39.405,90523.0
2024-03-04T16:00:00-05:00,39.715,40.095,39.695,40.035,68932.0
2024-03-05T16:00:00-05:00,40.31,40.435,40.2,40.29,51139.0
2024-03-06T16:00:00-05:00,40.47,40.7,40.365,40.6,43065.0
2024-03-07T16:00:00-05:00,40.77,40.86,40.69,40.84,27448.0
2024-03-08T16:00:00-05:00,40.955,41.525,40.955,41.195,38589.0
2024-03-11T16:00:00-04:00,41.2,41.32,41.17,41.26,76266.0
2024-03-12T16:00:00-04:00,40.935,40.965,40.72,40.8,45576.0
2024-03-13T16:00:00-04:00,40.955,41.185,40.955,41.1,79460.0
2024-03-14T16:00:00-04:00,40.87,40.925,40.725,40.915,51000.0
2024-03-15T16:00:00-04:00,40.81,40.95,40.775,40.795,26336.0
2024-03-18T16:00:00-04:00,40.8,40.87,40.77,40.86,39025.0
2024-03-19T16:00:00-04:00,40.76,40.815,40.68,40.815,19825.0
2024-03-20T16:00:00-04:00,40.71,41.395,40.71,41.285,59689.0
2024-03-21T16:00:00-04:00,41.61,41.62,40.99,41.255,63740.0
2024-03-22T16:00:00-04:00,41.12,41.22,40.82,40.92,34050.0
2024-03-25T16:00:00-04:00,41.25,41.25,41.06,41.06,35758.0
2024-03-26T16:00:00-04:00,41.38,41.38,41.13,41.185,36487.0
2024-03-27T16:00:00-04:00,41.34,41.51,41.335,41.48,22521.0
2024-03-28T16:00:00-04:00,41.785,42.045,41.73,42.015,52643.0
2024-04-01T16:00:00-04:00,42.63,42.63,42.185,42.435,107982.0
2024-04-02T16:00:00-04:00,42.72,43.105,42.63,43.075,118158.0
2024-04-03T16:00:00-04:00,43.01,43.46,43.01,43.45,109679.0
2024-04-04T16:00:00-04:00,43.31,43.56,43.14,43.22,372584.0
2024-04-05T16:00:00-04:00,43.41,44.04,43.39,43.945,53431.0
2024-04-08T16:00:00-04:00,44.09,44.26,43.85,44.225,36850.0
2024-04-09T16:00:00-04:00,44.51,44.69,44.225,44.475,221711.0
2024-04-10T16:00:00-04:00,44.055,44.485,43.975,44.06,138479.0
2024-04-11T16:00:00-04:00,44.32,44.89,44.13,44.88,70684.0
2024-04-12T16:00:00-04:00,45.28,45.95,44.15,44.305,180641.0
2024-04-15T16:00:00-04:00,44.51,45.145,44.0,45.135,180756.0
2024-04-16T16:00:00-04:00,44.975,45.34,44.74,45.195,143887.0
2024-04-17T16:00:00-04:00,45.185,45.27,44.66,44.86,70996.0
2024-04-18T16:00:00-04:00,45.065,45.16,44.815,45.005,95803.0
2024-04-19T16:00:00-04:00,45.035,45.42,44.99,45.16,76734.0
2024-04-22T16:00:00-04:00,44.155,44.31,43.97,44.04,108916.0
2024-04-23T16:00:00-04:00,43.705,44.06,43.695,43.93,61170.0
2024-04-24T16:00:00-04:00,43.89,44.14,43.835,43.835,15720.0
2024-04-25T16:00:00-04:00,43.81,44.32,43.8,44.11,71300.0
2024-04-26T16:00:00-04:00,44.27,44.32,44.04,44.26,59937.0
2024-04-29T16:00:00-04:00,44.16,44.375,44.02,44.16,137581.0
2024-04-30T16:00:00-04:00,43.57,43.74,43.285,43.3,85515.0
2024-05-01T16:00:00-04:00,43.53,44.02,43.46,43.685,61680.0
2024-05-02T16:00:00-04:00,43.32,43.635,43.27,43.555,44048.0
2024-05-03T16:00:00-04:00,43.55,43.55,43.085,43.505,76040.0
2024-05-06T16:00:00-04:00,43.985,44.095,43.85,43.97,68335.0
2024-05-07T16:00:00-04:00,43.825,43.87,43.7,43.76,95525.0
2024-05-08T16:00:00-04:00,43.66,43.86,43.64,43.645,25932.0
2024-05-09T16:00:00-04:00,43.84,44.325,43.84,44.325,70315.0
2024-05-10T16:00:00-04:00,44.795,44.83,44.575,44.68,72811.0
2024-05-13T16:00:00-04:00,44.355,44.405,44.1,44.2,42554.0
2024-05-14T16:00:00-04:00,44.37,44.59,44.37,44.555,98946.0
2024-05-15T16:00:00-04:00,44.76,45.14,44.48,45.125,165385.0
2024-05-16T16:00:00-04:00,44.98,45.04,44.85,44.96,42701.0
2024-05-17T16:00:00-04:00,45.42,45.72,45.4,45.68,44872.0
2024-05-20T16:00:00-04:00,45.62,46.085,45.6,45.88,72922.0
2024-05-21T16:00:00-04:00,45.86,45.92,45.725,45.82,38925.0
2024-05-22T16:00:00-04:00,45.59,45.59,44.93,44.98,42749.0
2024-05-23T16:00:00-04:00,44.71,44.71,44.07,44.085,78696.0
2024-05-24T16:00:00-04:00,44.335,44.37,44.095,44.115,90050.0
2024-05-28T16:00:00-04:00,44.645,44.645,44.395,44.58,76709.0
2024-05-29T16:00:00-04:00,44.31,44.32,44.16,44.16,44786.0
2024-05-30T16:00:00-04:00,44.38,44.41,44.24,44.255,25273.0
2024-05-31T16:00:00-04:00,44.49,44.5,43.89,43.985,39599.0
2024-06-03T16:00:00-04:00,44.14,44.44,44.11,44.375,37712.0
2024-06-04T16:00:00-04:00,44.085,44.085,43.79,43.995,55749.0
2024-06-05T16:00:00-04:00,44.285,44.555,44.155,44.505,77580.0
2024-06-06T16:00:00-04:00,44.655,44.92,44.595,44.835,55162.0
2024-06-07T16:00:00-04:00,43.87,43.895,43.245,43.25,315754.0
2024-06-10T16:00:00-04:00,43.48,43.725,43.48,43.64,39034.0
2024-06-11T16:00:00-04:00,43.66,43.78,43.63,43.77,22111.0
2024-06-12T16:00:00-04:00,44.145,44.2,43.785,43.825,35810.0
2024-06-13T16:00:00-04:00,43.815,43.825,43.4,43.52,15890.0
2024-06-14T16:00:00-04:00,44.065,44.13,43.98,44.085,22340.0
2024-06-17T16:00:00-04:00,43.925,43.935,43.68,43.84,46200.0
2024-06-18T16:00:00-04:00,43.87,44.1,43.785,44.03,153112.0
2024-06-20T16:00:00-04:00,44.195,44.69,44.17,44.585,94097.0
2024-06-21T16:00:00-04:00,44.44,44.48,43.805,43.89,90663.0
2024-06-24T16:00:00-04:00,44.065,44.115,44.01,44.07,25901.0
2024-06-25T16:00:00-04:00,43.915,43.985,43.77,43.845,39842.0
2024-06-26T16:00:00-04:00,43.4,43.525,43.35,43.445,121632.0
2024-06-27T16:00:00-04:00,43.855,44.03,43.855,43.95,19974.0
2024-06-28T16:00:00-04:00,44.07,44.08,43.91,43.935,35788.0
2024-07-01T16:00:00-04:00,44.0,44.11,43.865,44.06,66342.0
2024-07-02T16:00:00-04:00,44.0,44.09,43.87,44.045,30579.0
2024-07-03T16:00:00-04:00,44.425,44.69,44.425,44.54,78532.0
2024-07-05T16:00:00-04:00,44.96,45.225,44.935,45.135,89963.0
2024-07-08T16:00:00-04:00,44.905,44.96,44.45,44.59,96552.0
2024-07-09T16:00:00-04:00,44.68,44.685,44.46,44.665,31749.0
2024-07-10T16:00:00-04:00,44.98,45.1,44.8,44.83,69977.0
2024-07-11T16:00:00-04:00,45.43,45.775,45.29,45.63,93550.0
2024-07-12T16:00:00-04:00,45.415,45.69,45.4,45.6,53843.0
2024-07-15T16:00:00-04:00,45.76,46.09,45.75,45.76,49658.0
2024-07-16T16:00:00-04:00,46.085,46.645,46.05,46.645,162453.0
2024-07-17T16:00:00-04:00,46.72,46.865,46.345,46.445,63972.0
2024-07-18T16:00:00-04:00,46.525,46.65,46.115,46.15,104914.0
2024-07-19T16:00:00-04:00,45.31,45.51,45.25,45.335,107856.0
2024-07-22T16:00:00-04:00,45.295,45.345,45.065,45.33,29187.0
2024-07-23T16:00:00-04:00,45.365,45.52,45.35,45.49,58693.0
2024-07-24T16:00:00-04:00,45.795,45.92,45.345,45.345,78178.0
2024-07-25T16:00:00-04:00,44.76,44.79,44.465,44.625,68537.0
2024-07-26T16:00:00-04:00,44.97,45.15,44.945,45.09,63601.0
2024-07-29T16:00:00-04:00,45.235,45.235,44.83,45.02,97109.0
2024-07-30T16:00:00-04:00,45.23,45.55,45.045,45.48,119822.0
2024-07-31T16:00:00-04:00,45.735,46.3,45.735,46.3,122440.0
2024-08-01T16:00:00-04:00,46.35,46.415,46.01,46.15,128731.0
2024-08-02T16:00:00-04:00,46.605,46.745,45.555,46.06,444501.0
2024-08-05T16:00:00-04:00,45.04,45.585,45.03,45.5,459779.0
2024-08-06T16:00:00-04:00,45.235,45.41,44.995,45.115,176882.0
2024-08-07T16:00:00-04:00,45.38,45.43,45.04,45.07,92498.0
2024-08-08T16:00:00-04:00,45.545,45.81,45.51,45.78,149490.0
2024-08-09T16:00:00-04:00,45.955,46.01,45.74,45.89,238106.0
2024-08-12T16:00:00-04:00,46.27,46.7,46.19,46.69,383952.0
2024-08-13T16:00:00-04:00,46.64,46.77,46.535,46.61,338362.0
2024-08-14T16:00:00-04:00,46.285,46.5,46.09,46.23,93793.0
2024-08-15T16:00:00-04:00,46.275,46.495,46.025,46.375,106626.0
2024-08-16T16:00:00-04:00,47.01,47.4,46.81,47.4,113993.0
2024-08-19T16:00:00-04:00,47.065,47.355,46.975,47.34,36833.0
2024-08-20T16:00:00-04:00,47.78,47.825,47.26,47.515,179872.0
2024-08-21T16:00:00-04:00,47.355,47.58,47.13,47.46,164262.0
2024-08-22T16:00:00-04:00,46.99,46.99,46.725,46.89,61706.0
2024-08-23T16:00:00-04:00,47.21,47.56,47.14,47.43,95556.0
2024-08-26T16:00:00-04:00,47.72,47.725,47.45,47.58,72610.0
2024-08-27T16:00:00-04:00,47.375,47.715,47.375,47.715,107162.0
2024-08-28T16:00:00-04:00,47.4,47.43,47.2,47.38,24814.0
2024-08-29T16:00:00-04:00,47.415,47.735,47.415,47.615,135492.0
2024-08-30T16:00:00-04:00,47.51,47.585,47.14,47.28,210430.0
2024-09-03T16:00:00-04:00,47.06,47.12,46.73,47.08,205192.0
2024-09-04T16:00:00-04:00,47.025,47.23,46.91,47.11,252153.0
2024-09-05T16:00:00-04:00,47.55,47.605,47.3,47.5,129551.0
2024-09-06T16:00:00-04:00,47.42,47.565,46.95,47.15,270594.0
2024-09-09T16:00:00-04:00,47.265,47.34,47.11,47.34,108592.0
2024-09-10T16:00:00-04:00,47.47,47.555,47.26,47.555,61157.0
2024-09-11T16:00:00-04:00,47.35,47.6,47.255,47.465,93054.0
2024-09-12T16:00:00-04:00,47.95,48.325,47.95,48.305,151498.0
2024-09-13T16:00:00-04:00,48.755,48.84,48.615,48.8,137528.0
2024-09-16T16:00:00-04:00,48.83,48.91,48.67,48.78,47700.0
2024-09-17T16:00:00-04:00,48.64,48.76,48.39,48.52,71507.0
2024-09-18T16:00:00-04:00,48.62,49.12,48.12,48.145,179922.0
2024-09-19T16:00:00-04:00,48.705,48.96,48.53,48.89,87459.0
2024-09-20T16:00:00-04:00,49.3,49.59,49.17,49.52,214335.0
2024-09-23T16:00:00-04:00,49.66,49.76,49.6,49.61,137401.0
2024-09-24T16:00:00-04:00,49.73,50.325,49.73,50.3,181101.0
2024-09-25T16:00:00-04:00,50.325,50.38,50.065,50.245,122016.0
2024-09-26T16:00:00-04:00,50.385,50.565,50.14,50.495,82926.0
2024-09-27T16:00:00-04:00,50.35,50.44,49.94,50.09,153615.0
2024-09-30T16:00:00-04:00,49.88,49.89,49.58,49.69,135043.0
2024-10-01T16:00:00-04:00,50.13,50.48,50.11,50.22,162192.0
2024-10-02T16:00:00-04:00,50.22,50.3,49.89,50.225,421242.0
2024-10-03T16:00:00-04:00,50.045,50.275,49.85,50.19,702513.0
2024-10-04T16:00:00-04:00,50.04,50.385,49.92,50.09,497036.0
2024-10-07T16:00:00-04:00,49.99,50.025,49.86,49.915,104355.0
2024-10-08T16:00:00-04:00,49.845,49.885,49.215,49.53,501894.0
2024-10-09T16:00:00-04:00,49.31,49.44,49.21,49.275,55064.0
2024-10-10T16:00:00-04:00,49.42,49.67,49.4,49.645,104170.0
2024-10-11T16:00:00-04:00,50.08,50.23,50.0,50.175,37569.0
2024-10-14T16:00:00-04:00,50.1,50.24,49.955,50.095,84747.0
2024-10-15T16:00:00-04:00,50.07,50.385,50.0,50.275,66581.0
2024-10-16T16:00:00-04:00,50.685,50.685,50.38,50.52,67508.0
2024-10-17T16:00:00-04:00,50.635,50.915,50.63,50.835,105519.0
2024-10-18T16:00:00-04:00,51.115,51.39,51.1,51.37,198006.0
2024-10-21T16:00:00-04:00,51.655,51.73,51.28,51.37,193681.0
2024-10-22T16:00:00-04:00,51.735,51.915,51.66,51.91,138459.0
2024-10-23T16:00:00-04:00,51.73,51.76,51.16,51.295,152154.0
2024-10-24T16:00:00-04:00,51.77,51.77,51.41,51.67,118478.0
2024-10-25T16:00:00-04:00,51.545,51.83,51.49,51.79,122098.0
2024-10-28T16:00:00-04:00,51.75,51.855,51.73,51.795,252482.0
2024-10-29T16:00:00-04:00,51.98,52.375,51.98,52.36,241617.0
2024-10-30T16:00:00-04:00,52.475,52.675,52.34,52.645,104330.0
2024-10-31T16:00:00-04:00,52.25,52.25,51.61,51.855,387979.0
2024-11-01T16:00:00-04:00,52.0,52.1,51.625,51.63,187480.0
2024-11-04T16:00:00-05:00,51.79,51.82,51.6,51.69,71425.0
2024-11-05T16:00:00-05:00,51.895,51.93,51.66,51.81,53600.0
2024-11-06T16:00:00-05:00,50.18,50.54,50.11,50.24,444526.0
2024-11-07T16:00:00-05:00,50.765,51.135,50.74,51.05,134181.0
2024-11-08T16:00:00-05:00,50.93,50.985,50.66,50.71,1513087.0
2024-11-11T16:00:00-05:00,49.595,49.61,49.3,49.51,387460.0
2024-11-12T16:00:00-05:00,49.335,49.4,48.955,49.09,312223.0
2024-11-13T16:00:00-05:00,49.36,49.36,48.59,48.59,710225.0
2024-11-14T16:00:00-05:00,48.37,48.655,48.29,48.46,423790.0
2024-11-15T16:00:00-05:00,48.58,48.62,48.32,48.38,189525.0
2024-11-18T16:00:00-05:00,49.175,49.38,49.175,49.29,309508.0
2024-11-19T16:00:00-05:00,49.64,49.75,49.515,49.74,151927.0
2024-11-20T16:00:00-05:00,49.81,50.14,49.81,50.035,147202.0
2024-11-21T16:00:00-05:00,50.35,50.46,50.24,50.44,67820.0
2024-11-22T16:00:00-05:00,50.69,51.185,50.69,51.085,88417.0
2024-11-25T16:00:00-05:00,49.94,49.97,49.39,49.6,189385.0
2024-11-26T16:00:00-05:00,49.61,49.7,49.41,49.68,88324.0
2024-11-27T16:00:00-05:00,50.065,50.12,49.76,49.79,326089.0
2024-11-29T16:00:00-05:00,50.145,50.255,50.05,50.23,53629.0
2024-12-02T16:00:00-05:00,49.985,50.0,49.735,49.785,163331.0
2024-12-03T16:00:00-05:00,50.085,50.085,49.81,49.885,117329.0
2024-12-04T16:00:00-05:00,50.095,50.16,49.98,50.03,131448.0
2024-12-05T16:00:00-05:00,49.95,49.96,49.56,49.67,67177.0
2024-12-06T16:00:00-05:00,49.63,49.84,49.59,49.675,201059.0
2024-12-09T16:00:00-05:00,50.375,50.52,50.17,50.17,138215.0
2024-12-10T16:00:00-05:00,50.725,50.87,50.685,50.82,79494.0
2024-12-11T16:00:00-05:00,50.97,51.36,50.97,51.3,172512.0
2024-12-12T16:00:00-05:00,50.63,50.74,50.49,50.565,217919.0
2024-12-13T16:00:00-05:00,50.22,50.29,49.955,49.98,152773.0
2024-12-16T16:00:00-05:00,50.15,50.2,50.04,50.075,91503.0
2024-12-17T16:00:00-05:00,49.87,49.99,49.77,49.905,67349.0
2024-12-18T16:00:00-05:00,49.81,49.835,48.865,48.93,234350.0
2024-12-19T16:00:00-05:00,49.06,49.08,48.83,49.0,75390.0
2024-12-20T16:00:00-05:00,49.37,49.675,49.33,49.51,130491.0
2024-12-23T16:00:00-05:00,49.405,49.42,49.29,49.365,25566.0
2024-12-24T16:00:00-05:00,49.37,49.4,49.255,49.375,16378.0
2024-12-26T16:00:00-05:00,49.555,49.795,49.545,49.72,67270.0
2024-12-27T16:00:00-05:00,49.37,49.485,49.335,49.37,135439.0
2024-12-30T16:00:00-05:00,49.29,49.29,49.0,49.22,54735.0
2024-12-31T16:00:00-05:00,49.32,49.595,49.32,49.52,110537.0
2025-01-02T16:00:00-05:00,49.955,50.21,49.95,50.195,125802.0
2025-01-03T16:00:00-05:00,50.025,50.025,49.775,49.79,38612.0
2025-01-06T16:00:00-05:00,49.565,49.85,49.54,49.73,71388.0
2025-01-07T16:00:00-05:00,50.22,50.245,49.875,50.01,84602.0
2025-01-08T16:00:00-05:00,50.25,50.4,50.055,50.28,89498.0
2025-01-10T16:00:00-05:00,50.76,50.92,50.64,50.79,287133.0
2025-01-13T16:00:00-05:00,50.35,50.465,50.15,50.25,113533.0
2025-01-14T16:00:00-05:00,50.245,50.515,50.245,50.51,40192.0
2025-01-15T16:00:00-05:00,50.78,50.91,50.54,50.91,117138.0
2025-01-16T16:00:00-05:00,51.23,51.405,51.19,51.25,179477.0
2025-01-17T16:00:00-05:00,51.06,51.29,50.965,50.965,116404.0
2025-01-21T16:00:00-05:00,51.54,51.82,51.52,51.76,134899.0
2025-01-22T16:00:00-05:00,51.995,52.09,51.91,52.03,93726.0
2025-01-23T16:00:00-05:00,51.795,52.07,51.73,51.97,82426.0
2025-01-24T16:00:00-05:00,52.36,52.57,52.29,52.29,88973.0
2025-01-27T16:00:00-05:00,51.91,51.97,51.545,51.73,145719.0
2025-01-28T16:00:00-05:00,51.95,52.19,51.94,52.17,123915.0
2025-01-29T16:00:00-05:00,52.075,52.09,51.82,52.0,156015.0
2025-01-30T16:00:00-05:00,52.57,52.805,52.455,52.75,239281.0
2025-01-31T16:00:00-05:00,52.99,53.17,52.77,52.87,151088.0
2025-02-03T16:00:00-05:00,53.14,53.43,53.09,53.15,414150.0
2025-02-04T16:00:00-05:00,53.555,53.68,53.465,53.68,120291.0
2025-02-05T16:00:00-05:00,54.12,54.39,54.0,54.03,321452.0
2025-02-06T16:00:00-05:00,53.93,53.93,53.5,53.875,179556.0
2025-02-07T16:00:00-05:00,54.245,54.465,53.84,53.97,134226.0
2025-02-10T16:00:00-05:00,54.8,54.94,54.665,54.87,235719.0
2025-02-11T16:00:00-05:00,54.775,54.855,54.56,54.68,144255.0
2025-02-12T16:00:00-05:00,54.64,54.88,54.485,54.75,102129.0
2025-02-13T16:00:00-05:00,54.89,55.29,54.875,55.275,76729.0
2025-02-14T16:00:00-05:00,55.24,55.26,54.3,54.465,139256.0
2025-02-18T16:00:00-05:00,55.16,55.43,55.15,55.36,81212.0
2025-02-19T16:00:00-05:00,55.395,55.48,55.09,55.4,81079.0
2025-02-20T16:00:00-05:00,55.27,55.6,55.27,55.43,87369.0
2025-02-21T16:00:00-05:00,55.335,55.535,55.2,55.385,266525.0
2025-02-24T16:00:00-05:00,55.51,55.7,55.32,55.69,75576.0
2025-02-25T16:00:00-05:00,55.54,55.565,54.53,54.95,263779.0
2025-02-26T16:00:00-05:00,54.59,55.045,54.59,55.045,235033.0
2025-02-27T16:00:00-05:00,54.525,54.555,54.14,54.21,329143.0
2025-02-28T16:00:00-05:00,53.705,53.88,53.45,53.88,226723.0
2025-03-03T16:00:00-05:00,54.225,54.595,54.225,54.565,151014.0
2025-03-04T16:00:00-05:00,55.05,55.105,54.77,55.05,303100.0
2025-03-05T16:00:00-05:00,54.83,55.285,54.83,55.16,179520.0
2025-03-06T16:00:00-05:00,54.88,55.11,54.87,54.875,111255.0
2025-03-07T16:00:00-05:00,55.05,55.29,54.77,54.915,168732.0
2025-03-10T16:00:00-04:00,54.74,54.91,54.36,54.43,260256.0
2025-03-11T16:00:00-04:00,54.94,55.14,54.93,55.07,134624.0
2025-03-12T16:00:00-04:00,54.96,55.48,54.93,55.305,958111.0
2025-03-13T16:00:00-04:00,55.565,56.32,55.565,56.27,197833.0
2025-03-14T16:00:00-04:00,56.49,56.49,56.22,56.3,167492.0
2025-03-17T16:00:00-04:00,56.405,56.62,56.37,56.62,68464.0
2025-03-18T16:00:00-04:00,57.29,57.32,57.085,57.28,98529.0
2025-03-19T16:00:00-04:00,57.26,57.58,57.1,57.51,89884.0
2025-03-20T16:00:00-04:00,57.19,57.46,57.19,57.425,78464.0
2025-03-21T16:00:00-04:00,57.145,57.145,56.59,56.975,118650.0
2025-03-24T16:00:00-04:00,57.055,57.07,56.67,56.7,66092.0
2025-03-25T16:00:00-04:00,57.065,57.26,56.94,56.97,42415.0
2025-03-26T16:00:00-04:00,57.06,57.06,56.84,56.935,42878.0
2025-03-27T16:00:00-04:00,57.375,57.69,57.2,57.68,69870.0
2025-03-28T16:00:00-04:00,58.07,58.21,57.88,58.12,95019.0
2025-03-31T16:00:00-04:00,58.77,58.995,58.525,58.95,331220.0
2025-04-01T16:00:00-04:00,59.05,59.14,58.5,58.845,349917.0
2025-04-02T16:00:00-04:00,58.97,59.125,58.81,58.945,138507.0
2025-04-03T16:00:00-04:00,57.8,59.135,57.8,58.625,229909.0
2025-04-04T16:00:00-04:00,58.0,58.1,56.9,57.27,406396.0
2025-04-07T16:00:00-04:00,57.02,57.3,55.8,56.12,397278.0
2025-04-08T16:00:00-04:00,56.875,56.92,56.13,56.31,192874.0
2025-04-09T16:00:00-04:00,57.735,58.46,57.53,58.39,383520.0
2025-04-10T16:00:00-04:00,59.085,59.905,58.8,59.805,259715.0
2025-04-11T16:00:00-04:00,60.965,61.21,60.73,60.95,301586.0
2025-04-14T16:00:00-04:00,60.44,60.675,60.29,60.605,400732.0
2025-04-15T16:00:00-04:00,60.79,60.97,60.61,60.93,109845.0
2025-04-16T16:00:00-04:00,62.335,63.03,62.195,62.915,290701.0
2025-04-17T16:00:00-04:00,62.675,62.815,61.97,62.635,141133.0
2025-04-21T16:00:00-04:00,64.455,64.715,64.25,64.58,336532.0
2025-04-22T16:00:00-04:00,64.965,64.98,63.51,63.65,613144.0
2025-04-23T16:00:00-04:00,62.2,62.33,61.5,62.12,628294.0
2025-04-24T16:00:00-04:00,62.805,63.12,62.36,63.045,197129.0
2025-04-25T16:00:00-04:00,61.75,62.48,61.62,62.35,176044.0
2025-04-28T16:00:00-04:00,62.23,63.245,62.0,63.23,127353.0
2025-04-29T16:00:00-04:00,62.54,62.77,62.27,62.635,298168.0
2025-04-30T16:00:00-04:00,62.325,62.61,62.095,62.16,331983.0
2025-05-01T16:00:00-04:00,60.85,60.94,60.43,60.87,250400.0
2025-05-02T16:00:00-04:00,61.455,61.54,60.78,60.955,223845.0
2025-05-05T16:00:00-04:00,62.595,62.94,62.38,62.78,155905.0
2025-05-06T16:00:00-04:00,64.0,64.58,63.73,64.54,286651.0
2025-05-07T16:00:00-04:00,63.84,64.095,63.47,63.59,184550.0
2025-05-08T16:00:00-04:00,63.34,63.51,62.05,62.33,285520.0
2025-05-09T16:00:00-04:00,62.92,63.12,62.62,62.785,241687.0
2025-05-12T16:00:00-04:00,61.07,61.25,60.75,61.0,365328.0
2025-05-13T16:00:00-04:00,61.17,61.435,60.84,61.28,213518.0
2025-05-14T16:00:00-04:00,60.04,60.31,59.74,59.99,338097.0
2025-05-15T16:00:00-04:00,60.155,60.94,60.14,60.94,156601.0
2025-05-16T16:00:00-04:00,59.855,60.25,59.76,60.2,217876.0
2025-05-19T16:00:00-04:00,60.92,61.085,60.68,60.965,101405.0
2025-05-20T16:00:00-04:00,61.07,62.13,61.07,62.12,766021.0
2025-05-21T16:00:00-04:00,62.34,62.7,62.15,62.57,547488.0
2025-05-22T16:00:00-04:00,62.45,62.455,61.825,62.035,257528.0
2025-05-23T16:00:00-04:00,63.22,63.47,62.94,63.385,193892.0
2025-05-27T16:00:00-04:00,62.155,62.38,61.97,62.31,246714.0
2025-05-28T16:00:00-04:00,62.34,62.405,62.06,62.175,242904.0
2025-05-29T16:00:00-04:00,62.565,62.78,62.33,62.535,203419.0
2025-05-30T16:00:00-04:00,62.125,62.18,61.74,62.13,188577.0
2025-06-02T16:00:00-04:00,63.285,63.77,63.185,63.75,228048.0
2025-06-03T16:00:00-04:00,63.25,63.29,62.87,63.205,162536.0
2025-06-04T16:00:00-04:00,63.26,63.8,63.19,63.615,230089.0
2025-06-05T16:00:00-04:00,63.715,63.88,62.97,63.295,500101.0
2025-06-06T16:00:00-04:00,63.245,63.25,62.45,62.46,192425.0
2025-06-09T16:00:00-04:00,62.48,62.94,62.47,62.74,120078.0
2025-06-10T16:00:00-04:00,63.06,63.15,62.61,62.76,120615.0
2025-06-11T16:00:00-04:00,62.92,63.145,62.62,63.1,181911.0
2025-06-12T16:00:00-04:00,63.79,64.075,63.705,63.88,485389.0
2025-06-13T16:00:00-04:00,64.86,64.98,64.465,64.72,439003.0
2025-06-16T16:00:00-04:00,64.415,64.43,63.79,63.81,304750.0
2025-06-17T16:00:00-04:00,63.98,64.03,63.465,63.825,385754.0
2025-06-18T16:00:00-04:00,64.03,64.04,63.445,63.48,315459.0
2025-06-20T16:00:00-04:00,63.29,63.605,63.29,63.46,179419.0
2025-06-23T16:00:00-04:00,63.525,63.985,63.52,63.66,558263.0
2025-06-24T16:00:00-04:00,62.42,62.705,62.13,62.67,244094.0
2025-06-25T16:00:00-04:00,62.49,62.9,62.46,62.86,118481.0
2025-06-26T16:00:00-04:00,62.585,62.88,62.4,62.8,109166.0
2025-06-27T16:00:00-04:00,61.39,61.85,61.39,61.67,169201.0
2025-06-30T16:00:00-04:00,61.875,62.37,61.82,62.36,312891.0
2025-07-01T16:00:00-04:00,63.12,63.21,62.91,62.935,121169.0
2025-07-02T16:00:00-04:00,63.035,63.315,62.825,63.29,248822.0
2025-07-03T16:00:00-04:00,62.85,62.94,62.675,62.86,88132.0
2025-07-07T16:00:00-04:00,62.42,62.97,62.38,62.915,119004.0
2025-07-08T16:00:00-04:00,62.695,62.71,61.99,62.26,324192.0
2025-07-09T16:00:00-04:00,62.13,62.52,62.065,62.51,182429.0
2025-07-10T16:00:00-04:00,62.655,62.71,62.4,62.665,102836.0
2025-07-11T16:00:00-04:00,63.21,63.48,63.15,63.28,159243.0
2025-07-14T16:00:00-04:00,63.27,63.31,62.99,63.05,134965.0
2025-07-15T16:00:00-04:00,62.97,63.19,62.605,62.78,395761.0
2025-07-16T16:00:00-04:00,62.85,63.64,62.58,63.1,464166.0
2025-07-17T16:00:00-04:00,62.52,62.97,62.47,62.95,217773.0
2025-07-18T16:00:00-04:00,63.26,63.305,63.11,63.12,221970.0
2025-07-21T16:00:00-04:00,63.84,64.11,63.78,64.08,192936.0
2025-07-22T16:00:00-04:00,64.375,64.705,64.19,64.685,178697.0
2025-07-23T16:00:00-04:00,64.26,64.45,63.75,63.9,520103.0
2025-07-24T16:00:00-04:00,63.28,63.645,63.27,63.53,63582.0
2025-07-25T16:00:00-04:00,63.01,63.095,62.68,62.91,179411.0
2025-07-28T16:00:00-04:00,62.73,62.73,62.24,62.52,104344.0
2025-07-29T16:00:00-04:00,62.59,62.815,62.47,62.68,82013.0
2025-07-30T16:00:00-04:00,62.31,62.35,61.61,61.615,379973.0
2025-07-31T16:00:00-04:00,62.325,62.34,62.0,62.01,172300.0
2025-08-01T16:00:00-04:00,63.175,63.345,62.94,63.28,210289.0
2025-08-04T16:00:00-04:00,63.65,63.79,63.54,63.63,171327.0
2025-08-05T16:00:00-04:00,63.525,63.9,63.525,63.69,185054.0
2025-08-06T16:00:00-04:00,63.515,63.69,63.44,63.56,93228.0
2025-08-07T16:00:00-04:00,63.84,64.09,63.61,64.07,79314.0
2025-08-08T16:00:00-04:00,63.96,64.16,63.64,64.065,317344.0
2025-08-11T16:00:00-04:00,63.15,63.38,62.98,63.17,248373.0
2025-08-12T16:00:00-04:00,63.11,63.31,62.8,63.1,233408.0
2025-08-13T16:00:00-04:00,63.275,63.51,63.15,63.3,147384.0
2025-08-14T16:00:00-04:00,63.07,63.11,62.75,62.9,105813.0
2025-08-15T16:00:00-04:00,62.89,63.04,62.84,62.94,232991.0
2025-08-18T16:00:00-04:00,63.0,63.02,62.78,62.83,65797.0
2025-08-19T16:00:00-04:00,62.795,62.925,62.49,62.49,108634.0
2025-08-20T16:00:00-04:00,62.965,63.13,62.945,63.12,137063.0
2025-08-21T16:00:00-04:00,63.05,63.06,62.86,62.9,123705.0
2025-08-22T16:00:00-04:00,62.76,63.655,62.75,63.57,344237.0
2025-08-25T16:00:00-04:00,63.405,63.615,63.405,63.43,65617.0
2025-08-26T16:00:00-04:00,63.575,63.905,63.53,63.88,187662.0
2025-08-27T16:00:00-04:00,63.73,64.03,63.64,64.01,97653.0
2025-08-28T16:00:00-04:00,64.14,64.495,64.14,64.48,202919.0
2025-08-29T16:00:00-04:00,64.42,65.105,64.42,65.09,411617.0
2025-09-02T16:00:00-04:00,65.72,66.72,65.56,66.66,335908.0
2025-09-03T16:00:00-04:00,67.12,67.44,66.91,67.17,156353.0
2025-09-04T16:00:00-04:00,66.9,67.05,66.62,66.89,151000.0
2025-09-05T16:00:00-04:00,67.47,67.845,67.35,67.76,252475.0
2025-09-08T16:00:00-04:00,68.3,68.695,68.23,68.54,339425.0
2025-09-09T16:00:00-04:00,68.95,69.23,68.365,68.39,275225.0
2025-09-10T16:00:00-04:00,68.735,68.885,68.53,68.62,198613.0
2025-09-11T16:00:00-04:00,68.25,68.58,68.18,68.525,387274.0
2025-09-12T16:00:00-04:00,68.745,68.85,68.65,68.705,157797.0
2025-09-15T16:00:00-04:00,68.855,69.45,68.855,69.365,116769.0
2025-09-16T16:00:00-04:00,69.62,69.78,69.33,69.535,1359635.0
2025-09-17T16:00:00-04:00,69.28,69.85,68.72,69.005,584449.0
2025-09-18T16:00:00-04:00,68.845,68.855,68.36,68.715,1023727.0
2025-09-19T16:00:00-04:00,68.895,69.445,68.895,69.425,195095.0
2025-09-22T16:00:00-04:00,70.16,70.64,70.005,70.63,159679.0
2025-09-23T16:00:00-04:00,71.29,71.39,70.71,70.935,324526.0
2025-09-24T16:00:00-04:00,71.0,71.0,70.05,70.3,194739.0
2025-09-25T16:00:00-04:00,70.495,70.785,70.12,70.59,168041.0
2025-09-26T16:00:00-04:00,70.805,71.28,70.73,70.965,151424.0
2025-09-29T16:00:00-04:00,72.01,72.21,71.955,72.15,371483.0
2025-09-30T16:00:00-04:00,71.9,72.785,71.85,72.76,343587.0
2025-10-01T16:00:00-04:00,72.925,73.075,72.65,72.875,220565.0
2025-10-02T16:00:00-04:00,73.36,73.42,71.96,72.64,345775.0
2025-10-03T16:00:00-04:00,73.135,73.305,72.88,73.215,204289.0
2025-10-06T16:00:00-04:00,74.105,74.73,74.01,74.6,209484.0
2025-10-07T16:00:00-04:00,75.03,75.19,74.64,74.99,191153.0
2025-10-08T16:00:00-04:00,76.095,76.48,75.87,76.22,246018.0
2025-10-09T16:00:00-04:00,76.395,76.395,74.31,74.82,801806.0
2025-10-10T16:00:00-04:00,75.225,75.805,74.83,75.575,261409.0
2025-10-13T16:00:00-04:00,77.09,77.57,76.9,77.42,229507.0
2025-10-14T16:00:00-04:00,77.43,78.26,77.395,78.04,364472.0
2025-10-15T16:00:00-04:00,79.03,79.385,78.78,79.33,392351.0
2025-10-16T16:00:00-04:00,80.095,81.22,79.945,81.16,575704.0
2025-10-17T16:00:00-04:00,81.31,81.33,78.88,79.605,1220868.0
2025-10-20T16:00:00-04:00,81.375,82.54,80.88,82.51,378199.0
2025-10-21T16:00:00-04:00,79.14,79.59,76.9,77.4,1065639.0
2025-10-22T16:00:00-04:00,76.265,77.48,75.565,77.27,758913.0
2025-10-23T16:00:00-04:00,78.105,78.25,77.53,77.535,430140.0
2025-10-24T16:00:00-04:00,77.48,77.955,77.19,77.3,339251.0
2025-10-27T16:00:00-04:00,75.93,76.07,74.825,75.16,548176.0
2025-10-28T16:00:00-04:00,74.04,74.78,73.75,74.6,378903.0
2025-10-29T16:00:00-04:00,75.7,75.77,74.0,74.31,473718.0
2025-10-30T16:00:00-04:00,74.73,75.825,74.66,75.755,412131.0
2025-10-31T16:00:00-04:00,75.87,75.87,74.85,75.38,345406.0
2025-11-03T16:00:00-05:00,75.515,75.91,75.27,75.535,287265.0
2025-11-04T16:00:00-05:00,74.41,74.88,74.01,74.18,271103.0
2025-11-05T16:00:00-05:00,75.03,75.15,74.67,75.055,130731.0
2025-11-06T16:00:00-05:00,75.18,75.38,74.68,74.98,308615.0
2025-11-07T16:00:00-05:00,75.31,75.85,75.04,75.425,286167.0
2025-11-10T16:00:00-05:00,76.975,77.53,76.77,77.46,276180.0
2025-11-11T16:00:00-05:00,77.8,77.88,77.18,77.8,280404.0
2025-11-12T16:00:00-05:00,77.83,79.32,77.74,79.055,464848.0
2025-11-13T16:00:00-05:00,79.29,79.46,78.08,78.39,404857.0
2025-11-14T16:00:00-05:00,76.3,77.42,75.95,76.99,303730.0
2025-11-17T16:00:00-05:00,76.585,76.87,75.47,76.12,460364.0
2025-11-18T16:00:00-05:00,76.715,76.89,76.12,76.65,399439.0
2025-11-19T16:00:00-05:00,77.3,77.83,76.395,76.78,386780.0
2025-11-20T16:00:00-05:00,76.83,77.35,76.16,76.755,513565.0
2025-11-21T16:00:00-05:00,76.555,77.23,76.38,76.635,515849.0
2025-11-24T16:00:00-05:00,76.735,77.855,76.64,77.855,292659.0
2025-11-25T16:00:00-05:00,77.9,78.32,77.43,77.82,687982.0
2025-11-26T16:00:00-05:00,78.015,78.58,77.92,78.435,360183.0
2025-11-28T16:00:00-05:00,79.02,79.415,78.85,79.41,342299.0
2025-12-01T16:00:00-05:00,79.975,79.985,79.48,79.82,444951.0
2025-12-02T16:00:00-05:00,79.6,79.65,78.43,79.31,362203.0
2025-12-03T16:00:00-05:00,79.56,79.88,79.02,79.23,265539.0
2025-12-04T16:00:00-05:00,79.185,79.455,78.93,79.285,163488.0
2025-12-05T16:00:00-05:00,79.7,80.2,79.08,79.13,324404.0
2025-12-08T16:00:00-05:00,79.29,79.29,78.65,78.935,220157.0
2025-12-09T16:00:00-05:00,79.0,79.48,78.94,79.34,239303.0
2025-12-10T16:00:00-05:00,79.03,79.815,78.76,79.68,334360.0
2025-12-11T16:00:00-05:00,79.675,80.69,79.6,80.53,367368.0
2025-12-12T16:00:00-05:00,81.67,81.95,80.185,80.995,552130.0
2025-12-15T16:00:00-05:00,81.45,81.64,80.715,81.07,293041.0
2025-12-16T16:00:00-05:00,81.44,81.65,80.825,81.08,254707.0
2025-12-17T16:00:00-05:00,81.55,81.91,81.39,81.77,298468.0
2025-12-18T16:00:00-05:00,81.555,82.365,81.12,81.63,279895.0
2025-12-19T16:00:00-05:00,81.61,82.025,81.35,81.72,129033.0
2025-12-22T16:00:00-05:00,83.33,83.655,83.1,83.6,281475.0
2025-12-23T16:00:00-05:00,84.035,84.71,83.39,84.69,260290.0
2025-12-24T16:00:00-05:00,84.43,84.495,83.74,84.345,174457.0
2025-12-26T16:00:00-05:00,85.295,85.68,84.94,85.35,270464.0
2025-12-29T16:00:00-05:00,82.595,82.6,81.035,81.62,440148.0
2025-12-30T16:00:00-05:00,82.655,82.67,81.66,81.68,289042.0
2025-12-31T16:00:00-05:00,81.64,81.93,81.0,81.155,336714.0
2026-01-02T16:00:00-05:00,82.17,82.17,81.16,81.56,295710.0
2026-01-05T16:00:00-05:00,83.21,83.9,83.185,83.69,231567.0
2026-01-06T16:00:00-05:00,84.095,84.67,84.06,84.63,267412.0
2026-01-07T16:00:00-05:00,83.62,84.11,83.33,83.815,186789.0
2026-01-08T16:00:00-05:00,83.33,84.295,83.25,84.275,160246.0
2026-01-09T16:00:00-05:00,84.57,85.035,84.37,84.89,238143.0
2026-01-12T16:00:00-05:00,86.35,87.175,86.35,86.48,265746.0
2026-01-13T16:00:00-05:00,86.97,87.25,86.08,86.35,278051.0
2026-01-14T16:00:00-05:00,87.27,87.4,86.66,87.23,296851.0
2026-01-15T16:00:00-05:00,86.655,87.07,86.61,86.69,184436.0
2026-01-16T16:00:00-05:00,86.595,87.0,85.45,86.26,922264.0
2026-01-20T16:00:00-05:00,89.44,89.735,88.925,89.54,438069.0
2026-01-21T16:00:00-05:00,91.57,91.725,89.55,90.875,650602.0
2026-01-22T16:00:00-05:00,90.92,92.765,90.88,92.52,215674.0
2026-01-23T16:00:00-05:00,93.01,93.94,92.9,93.8,490345.0
2026-01-26T16:00:00-05:00,95.63,96.12,94.3,95.185,748274.0
2026-01-27T16:00:00-05:00,95.29,97.55,95.05,97.48,434682.0
2026-01-28T16:00:00-05:00,99.02,101.5,98.595,101.25,1603601.0
2026-01-29T16:00:00-05:00,104.38,104.38,95.85,101.54,2757566.0
2026-01-30T16:00:00-05:00,95.49,96.245,88.19,91.33,2556133.0
2026-02-02T16:00:00-05:00,88.875,90.24,86.55,87.6,489249.0
2026-02-03T16:00:00-05:00,92.69,94.005,91.92,93.03,1104390.0
2026-02-04T16:00:00-05:00,94.72,94.825,91.37,92.93,651580.0
2026-02-05T16:00:00-05:00,90.985,92.29,90.25,90.51,550320.0
2026-02-06T16:00:00-05:00,92.19,93.565,92.19,93.24,468218.0
2026-02-09T16:00:00-05:00,94.42,95.76,94.42,95.6,389670.0
2026-02-10T16:00:00-05:00,95.42,95.58,94.17,94.705,311580.0
2026-02-11T16:00:00-05:00,95.44,95.98,94.83,95.77,192813.0
2026-02-12T16:00:00-05:00,95.28,95.49,91.89,92.47,367516.0
2026-02-13T16:00:00-05:00,94.2,94.99,93.48,94.74,340321.0
2026-02-17T16:00:00-05:00,92.185,92.42,91.315,91.82,196424.0
2026-02-18T16:00:00-05:00,93.37,94.31,93.305,93.845,359851.0
2026-02-19T16:00:00-05:00,93.675,94.505,93.585,94.13,382241.0
2026-02-20T16:00:00-05:00,94.83,95.96,93.92,95.95,454389.0
2026-02-23T16:00:00-05:00,97.22,98.58,97.22,98.57,249445.0
2026-02-24T16:00:00-05:00,96.25,97.37,96.19,97.21,376966.0
2026-02-25T16:00:00-05:00,97.455,98.19,96.875,96.98,259573.0
2026-02-26T16:00:00-05:00,97.275,97.88,96.58,97.805,169315.0
2026-02-27T16:00:00-05:00,98.46,99.1,98.16,99.06,447681.0
2026-03-02T16:00:00-05:00,100.4,100.79,99.05,100.36,763509.0
2026-03-03T16:00:00-05:00,96.855,96.855,94.06,95.95,856195.0
2026-03-04T16:00:00-05:00,97.25,97.56,96.185,96.65,239924.0
2026-03-05T16:00:00-05:00,96.355,96.38,95.055,95.51,632977.0
2026-03-06T16:00:00-05:00,96.06,97.39,95.64,96.97,342586.0
2026-03-09T16:00:00-04:00,95.84,96.815,95.23,96.815,198415.0
2026-03-10T16:00:00-04:00,98.195,98.59,97.155,97.84,282840.0
2026-03-11T16:00:00-04:00,97.51,97.805,96.93,97.54,218600.0
2026-03-12T16:00:00-04:00,97.25,97.255,95.55,95.67,854035.0
2026-03-13T16:00:00-04:00,96.105,96.295,94.29,94.425,373476.0
2026-03-16T16:00:00-04:00,94.535,94.79,93.605,94.325,363382.0
2026-03-17T16:00:00-04:00,94.305,94.665,93.605,94.085,418213.0
2026-03-18T16:00:00-04:00,91.4,92.18,91.045,91.14,777363.0
2026-03-19T16:00:00-04:00,86.09,87.69,85.41,87.36,1194505.0
2026-03-20T16:00:00-04:00,87.68,87.785,84.275,84.685,891425.0
2026-03-23T16:00:00-04:00,82.87,84.885,81.9,82.8,905346.0
2026-03-24T16:00:00-04:00,82.05,83.43,81.89,82.805,530180.0
2026-03-25T16:00:00-04:00,86.09,86.16,84.46,85.275,674421.0
2026-03-26T16:00:00-04:00,83.675,84.28,82.035,82.11,663409.0
2026-03-27T16:00:00-04:00,83.19,85.71,83.07,84.95,470256.0
2026-03-30T16:00:00-04:00,85.965,85.985,84.57,84.94,320660.0
2026-03-31T16:00:00-04:00,86.075,88.195,86.01,88.15,448511.0
2026-04-01T16:00:00-04:00,89.1,90.16,88.88,89.665,541064.0
2026-04-02T16:00:00-04:00,86.5,88.39,86.3,87.925,174495.0
2026-04-06T16:00:00-04:00,87.875,88.36,87.46,87.61,126370.0
2026-04-07T16:00:00-04:00,87.58,88.72,86.76,88.465,301634.0
2026-04-08T16:00:00-04:00,90.15,90.22,88.42,89.035,371012.0
2026-04-09T16:00:00-04:00,89.41,90.32,89.35,89.745,162101.0
2026-04-10T16:00:00-04:00,89.88,90.185,89.34,89.55,83253.0
2026-04-13T16:00:00-04:00,89.105,89.35,88.45,89.22,217971.0
2026-04-14T16:00:00-04:00,89.98,91.185,89.98,91.17,121102.0
2026-04-15T16:00:00-04:00,90.66,90.89,90.08,90.225,181416.0
2026-04-16T16:00:00-04:00,90.55,90.74,89.78,90.165,88571.0
2026-04-17T16:00:00-04:00,91.29,91.93,91.28,91.335,127015.0
2026-04-20T16:00:00-04:00,90.78,90.82,90.18,90.56,186631.0
2026-04-21T16:00:00-04:00,89.835,90.16,87.86,88.045,478188.0
2026-04-22T16:00:00-04:00,89.295,89.535,88.92,89.18,93636.0
2026-04-23T16:00:00-04:00,88.99,89.165,87.81,88.335,120046.0
2026-04-24T16:00:00-04:00,88.38,89.18,88.26,88.76,96821.0
2026-04-27T16:00:00-04:00,88.44,88.445,87.83,88.07,49249.0
2026-04-28T16:00:00-04:00,86.18,86.56,85.76,86.45,194263.0
2026-04-29T16:00:00-04:00,85.36,85.845,84.87,85.545,194701.0
2026-04-30T16:00:00-04:00,87.16,87.16,86.635,86.85,91294.0
2026-05-01T16:00:00-04:00,86.34,87.67,86.3,86.715,342101.0
2026-05-04T16:00:00-04:00,85.795,86.17,84.76,84.97,241134.0
2026-05-05T16:00:00-04:00,86.1,86.255,85.63,85.68,105688.0
2026-05-06T16:00:00-04:00,88.13,88.74,88.04,88.33,239879.0
2026-05-07T16:00:00-04:00,89.25,89.6,88.21,88.44,231050.0
2026-05-08T16:00:00-04:00,88.94,89.32,88.52,88.855,100818.0
2026-05-11T16:00:00-04:00,88.95,89.31,88.61,89.065,114301.0
2026-05-12T16:00:00-04:00,88.23,88.7,87.28,88.7,86377.0
2026-05-13T16:00:00-04:00,88.25,88.59,87.875,88.21,93522.0
2026-05-14T16:00:00-04:00,88.13,88.39,87.52,87.555,67283.0
2026-05-15T16:00:00-04:00,85.56,85.89,84.865,85.505,88698.0
2026-05-18T16:00:00-04:00,86.01,86.22,85.25,85.75,201423.0
2026-05-19T16:00:00-04:00,84.5,84.86,83.99,84.31,556413.0
2026-05-20T16:00:00-04:00,84.475,85.62,84.03,85.525,354681.0
2026-05-21T16:00:00-04:00,84.645,85.7,84.42,85.43,153210.0
2026-05-22T16:00:00-04:00,85.15,85.17,84.48,84.805,129754.0
2026-05-26T16:00:00-04:00,85.08,85.205,84.33,84.815,131300.0
2026-05-27T16:00:00-04:00,82.88,83.87,82.88,83.735,183108.0
2026-05-28T16:00:00-04:00,83.2,84.92,83.1,84.59,664506.0
2026-05-29T16:00:00-04:00,85.13,86.435,85.12,85.51,184142.0
2026-06-01T16:00:00-04:00,84.03,84.55,83.67,84.275,148118.0
2026-06-02T16:00:00-04:00,84.86,84.905,84.25,84.41,309988.0
2026-06-03T16:00:00-04:00,83.67,83.88,83.25,83.58,284742.0
2026-06-04T16:00:00-04:00,84.715,84.895,83.83,84.27,281476.0
2026-06-05T16:00:00-04:00,82.855,82.92,81.15,81.225,481099.0
2026-06-08T16:00:00-04:00,81.47,81.735,81.185,81.375,240434.0
2026-06-09T16:00:00-04:00,81.48,82.06,79.69,80.08,341211.0
2026-06-10T16:00:00-04:00,78.01,78.72,76.76,76.78,618651.0
2026-06-11T16:00:00-04:00,76.655,79.285,76.21,79.11,640762.0
2026-06-12T16:00:00-04:00,79.04,79.65,78.59,79.195,285312.0
2026-06-15T16:00:00-04:00,81.88,82.16,81.2,81.25,301727.0
2026-06-16T16:00:00-04:00,81.53,81.75,81.13,81.525,191537.0
2026-06-17T16:00:00-04:00,81.49,82.39,79.36,79.64,643026.0
2026-06-18T16:00:00-04:00,80.25,80.41,79.05,79.32,348772.0
2026-06-22T16:00:00-04:00,78.73,79.14,78.435,78.81,226477.0
2026-06-23T16:00:00-04:00,77.4,77.91,77.345,77.35,142036.0
2026-06-24T16:00:00-04:00,74.74,75.985,74.455,75.0,387261.0
2026-06-25T16:00:00-04:00,75.64,76.025,75.18,75.705,213535.0
2026-06-26T16:00:00-04:00,76.285,77.005,76.09,76.58,102124.0
2026-06-29T16:00:00-04:00,75.94,76.035,75.21,75.52,127647.0
2026-06-30T16:00:00-04:00,75.705,76.38,75.475,75.495,158004.0
2026-07-01T16:00:00-04:00,76.04,77.395,75.88,75.945,173873.0
2026-07-02T16:00:00-04:00,77.35,77.925,77.16,77.51,97261.0
2026-07-06T16:00:00-04:00,77.94,78.39,77.65,78.3,575883.0
2026-07-07T16:00:00-04:00,78.335,78.61,77.0,77.38,100705.0
2026-07-08T16:00:00-04:00,76.5,76.94,75.63,76.74,118389.0
2026-07-09T16:00:00-04:00,77.52,77.78,77.39,77.485,245424.0
2026-07-10T16:00:00-04:00,76.86,77.365,76.6,77.25,97555.0
2026-07-13T16:00:00-04:00,76.41,76.42,74.975,75.25,178707.0
2026-07-14T16:00:00-04:00,76.76,77.01,76.08,76.275,97000.0
2026-07-15T16:00:00-04:00,76.32,76.75,75.74,76.28,87025.0
2026-07-16T16:00:00-04:00,75.33,75.5,74.63,74.81,137147.0
2026-07-17T16:00:00-04:00,74.6,75.65,74.58,75.5,114990.0
2026-07-20T16:00:00-04:00,75.375,75.575,75.185,75.34,248389.0
2026-07-21T16:00:00-04:00,76.26,76.83,76.085,76.815,113146.0
2026-07-22T16:00:00-04:00,77.73,78.32,77.635,77.685,234211.0
2026-07-23T16:00:00-04:00,76.32,76.405,75.97,76.14,91954.0
2026-07-24T16:00:00-04:00,76.1,76.71,76.1,76.23,74103.0
2026-07-27T16:00:00-04:00,76.655,76.95,76.47,76.77,82186.0
2026-07-28T16:00:00-04:00,75.8,76.08,75.44,75.69,137890.0
2026-07-29T16:00:00-04:00,75.48,77.39,75.18,76.07,134156.0
2026-07-30T16:00:00-04:00,76.71,77.43,76.64,77.285,140079.0
2026-07-31T16:00:00-04:00,75.98,76.255,75.65,76.195,373322.0
2026-08-03T16:00:00-04:00,75.85,76.245,75.575,76.185,149955.0
2026-08-04T16:00:00-04:00,76.72,77.14,76.61,76.68,284188.0
2026-08-05T16:00:00-04:00,78.89,80.23,78.79,79.855,381619.0
2026-08-06T16:00:00-04:00,79.89,80.36,79.41,79.875,171460.0
2026-08-07T16:00:00-04:00,81.91,82.075,81.375,81.675,291426.0
2026-08-10T16:00:00-04:00,81.54,82.64,81.21,82.49,112802.0
2026-08-11T16:00:00-04:00,82.7,82.8,81.985,82.185,85833.0
2026-08-12T16:00:00-04:00,83.07,83.42,82.655,82.975,103442.0
2026-08-13T16:00:00-04:00,82.425,82.5,81.7,81.77,99505.0
2026-08-14T16:00:00-04:00,82.48,82.65,82.195,82.275,59560.0
2026-08-17T16:00:00-04:00,82.51,83.265,82.495,83.115,211662.0
2026-08-18T16:00:00-04:00,82.515,82.87,81.585,81.7,69272.0
2026-08-19T16:00:00-04:00,83.8,84.845,83.54,84.825,872568.0
2026-08-20T16:00:00-04:00,84.08,85.345,84.01,85.14,574813.0
2026-08-21T16:00:00-04:00,86.16,87.075,85.995,86.78,162350.0
2026-08-24T16:00:00-04:00,87.905,88.0,86.955,87.47,191823.0
2026-08-25T16:00:00-04:00,86.68,87.75,86.58,87.75,105592.0
2026-08-26T16:00:00-04:00,86.795,87.095,86.18,86.355,125106.0
2026-08-27T16:00:00-04:00,86.27,86.77,85.775,86.61,86978.0
2026-08-28T16:00:00-04:00,86.515,87.065,83.57,83.805,201076.0
2026-08-31T16:00:00-04:00,83.57,83.705,83.035,83.705,142559.0
2026-09-01T16:00:00-04:00,81.645,82.24,81.28,81.32,169877.0
2026-09-02T16:00:00-04:00,81.945,82.64,81.94,82.56,170228.0
2026-09-03T16:00:00-04:00,84.2,84.75,83.78,84.07,166269.0
2026-09-04T16:00:00-04:00,82.96,83.615,82.86,83.395,175694.0
2026-09-08T16:00:00-04:00,82.715,82.86,81.915,81.94,100160.0
2026-09-09T16:00:00-04:00,83.27,83.33,82.26,82.7,101436.0
2026-09-10T16:00:00-04:00,81.9,82.23,81.09,81.27,270522.0
2026-09-11T16:00:00-04:00,82.51,82.705,81.635,81.74,101744.0
2026-09-14T16:00:00-04:00,80.34,81.15,80.17,80.53,326689.0
2026-09-15T16:00:00-04:00,80.665,81.02,80.335,80.78,103247.0
2026-09-16T16:00:00-04:00,81.81,82.05,79.63,80.31,230969.0
2026-09-17T16:00:00-04:00,82.06,82.245,81.64,81.68,47116.0
2026-09-18T16:00:00-04:00,82.09,82.61,81.67,82.28,113459.0
